492
50
0.452341 0.782952 15
0.069306 0.896325 13
0.496876 0.412224 12
0.098773 0.139707 9
0.413686 0.943024 15
0.980952 0.475397 10
0.705680 0.004390 12
0.508199 0.150457 6
0.368063 0.270543 8
0.594777 0.824747 9
0.731917 0.260531 5
0.993296 0.405600 14
0.980167 0.996477 15
0.220340 0.819317 6
0.363845 0.948847 14
0.374294 0.517793 6
0.342639 0.912811 15
0.444460 0.486442 10
0.397853 0.294245 11
0.966854 0.211471 10
0.794307 0.415948 15
0.818698 0.251575 9
0.318403 0.005512 5
0.509095 0.889040 10
0.520870 0.812833 15
0.282944 0.950052 14
0.493035 0.423454 8
0.312046 0.227235 6
0.597639 0.440947 13
0.761063 0.699611 6
0.410563 0.677330 8
0.443045 0.792882 6
0.982345 0.754288 10
0.181137 0.804788 15
0.136265 0.844984 7
0.331251 0.035453 7
0.770222 0.608725 5
0.255433 0.241361 8
0.464340 0.477965 11
0.721441 0.301471 6
0.977910 0.477728 8
0.990283 0.007235 13
0.986091 0.972092 7
0.652159 0.092314 8
0.234670 0.870749 9
0.696304 0.883268 5
0.420601 0.884720 11
0.958315 0.261192 10
0.182343 0.331787 7
0.997231 0.646361 10
