50
50
0.993985 0.821365 1.0
0.632061 0.846072 1.0
0.698728 0.093495 1.0
0.622442 0.279358 1.0
0.184371 0.058253 1.0
0.838179 0.872032 1.0
0.424328 0.852496 1.0
0.671719 0.243814 1.0
0.572995 0.793384 1.0
0.740943 0.592349 1.0
0.677244 0.867444 1.0
0.422052 0.571935 1.0
0.646388 0.783555 1.0
0.399858 0.222806 1.0
0.099460 0.263517 1.0
0.489508 0.234892 1.0
0.031412 0.485637 1.0
0.242127 0.697842 1.0
0.627032 0.670854 1.0
0.091218 0.129676 1.0
0.389283 0.956097 1.0
0.749966 0.092823 1.0
0.637865 0.331201 1.0
0.324139 0.767292 1.0
0.750850 0.881726 1.0
0.718739 0.862983 1.0
0.849399 0.124548 1.0
0.782764 0.614086 1.0
0.134220 0.618963 1.0
0.664091 0.412907 1.0
0.309535 0.338436 1.0
0.038155 0.927967 1.0
0.185419 0.160954 1.0
0.930079 0.628009 1.0
0.237356 0.125129 1.0
0.552102 0.296679 1.0
0.626448 0.529858 1.0
0.783688 0.654701 1.0
0.228352 0.897664 1.0
0.227200 0.078422 1.0
0.213525 0.118320 1.0
0.639716 0.867275 1.0
0.334839 0.487868 1.0
0.421760 0.473455 1.0
0.871021 0.093801 1.0
0.874243 0.407853 1.0
0.562386 0.172469 1.0
0.900204 0.995773 1.0
0.032188 0.737435 1.0
0.557415 0.604846 1.0
