150
100
0.653569 0.344770 5
0.863195 0.970595 9
0.419102 0.406510 13
0.132603 0.811245 7
0.831237 0.076504 12
0.133986 0.062689 8
0.967759 0.212301 8
0.348499 0.169897 5
0.004245 0.571658 5
0.122127 0.818051 15
0.748600 0.323887 7
0.843708 0.319203 14
0.065504 0.593186 5
0.279581 0.846559 13
0.660732 0.633989 9
0.256464 0.719173 12
0.391508 0.184732 8
0.820561 0.766064 12
0.676742 0.968587 8
0.716534 0.409342 12
0.201708 0.588067 14
0.349679 0.244854 7
0.812997 0.379957 6
0.028380 0.567841 11
0.367580 0.728310 12
0.171705 0.189623 8
0.812172 0.285086 15
0.552073 0.953226 10
0.868265 0.680729 15
0.293084 0.954646 12
0.791839 0.630718 8
0.077977 0.347329 11
0.494612 0.352855 14
0.738750 0.386861 14
0.469915 0.319186 11
0.771956 0.354893 6
0.514541 0.276546 8
0.827805 0.743081 8
0.791421 0.712516 7
0.586484 0.438040 15
0.396479 0.300720 15
0.379315 0.829889 8
0.484913 0.020709 11
0.793859 0.952845 5
0.174272 0.121013 10
0.206942 0.047195 8
0.481339 0.885895 14
0.626006 0.676977 7
0.271332 0.619915 15
0.996250 0.503688 8
0.828040 0.775514 7
0.798277 0.396499 13
0.474332 0.655800 6
0.458989 0.640031 9
0.074830 0.168065 12
0.057543 0.161028 7
0.216503 0.033666 13
0.784596 0.473255 6
0.316468 0.186585 12
0.476516 0.244272 13
0.856187 0.256526 13
0.987371 0.818464 11
0.941174 0.270315 15
0.652438 0.138133 13
0.695994 0.348080 8
0.026594 0.777252 8
0.440569 0.849378 11
0.828886 0.906591 6
0.960375 0.146788 15
0.152865 0.279957 11
0.646214 0.691299 13
0.267825 0.605726 12
0.747641 0.581385 9
0.427685 0.473933 9
0.884502 0.004935 15
0.232131 0.625798 7
0.343893 0.480382 7
0.994384 0.250903 8
0.265946 0.932965 13
0.456098 0.820512 6
0.455628 0.235643 6
0.784159 0.866474 7
0.351966 0.397341 8
0.460086 0.390384 12
0.675451 0.566453 6
0.821778 0.614194 13
0.490575 0.832230 13
0.674191 0.051957 5
0.524080 0.634887 8
0.240501 0.005799 12
0.899889 0.480628 10
0.689607 0.193540 5
0.875407 0.108568 15
0.977934 0.499828 11
0.722884 0.802200 10
0.672429 0.806749 11
0.371461 0.726105 9
0.738351 0.983322 9
0.546031 0.126952 8
0.204129 0.191508 7
