100
100
0.344056 0.961299 1.0
0.701608 0.783068 1.0
0.832923 0.073693 1.0
0.211465 0.658004 1.0
0.651292 0.356431 1.0
0.590764 0.175751 1.0
0.254864 0.750777 1.0
0.979894 0.417229 1.0
0.578200 0.902091 1.0
0.290772 0.257546 1.0
0.332117 0.718241 1.0
0.901682 0.669202 1.0
0.308039 0.033446 1.0
0.016649 0.453194 1.0
0.110146 0.964474 1.0
0.535188 0.474465 1.0
0.839202 0.655688 1.0
0.406646 0.103613 1.0
0.456491 0.869805 1.0
0.786777 0.689156 1.0
0.013285 0.984864 1.0
0.910897 0.855135 1.0
0.442216 0.884460 1.0
0.322738 0.910738 1.0
0.253879 0.047849 1.0
0.238966 0.673678 1.0
0.401350 0.488403 1.0
0.687142 0.932997 1.0
0.707344 0.523344 1.0
0.368767 0.856788 1.0
0.815687 0.484978 1.0
0.977276 0.498720 1.0
0.918101 0.817274 1.0
0.764186 0.922814 1.0
0.882887 0.410848 1.0
0.867427 0.910561 1.0
0.000296 0.541215 1.0
0.736664 0.487206 1.0
0.303913 0.041785 1.0
0.065401 0.499325 1.0
0.407714 0.689307 1.0
0.065579 0.229472 1.0
0.546700 0.586239 1.0
0.479391 0.411261 1.0
0.305843 0.775266 1.0
0.421106 0.865074 1.0
0.250736 0.542119 1.0
0.979498 0.608193 1.0
0.853544 0.751874 1.0
0.287055 0.023079 1.0
0.585605 0.281220 1.0
0.841048 0.625521 1.0
0.163268 0.014976 1.0
0.122006 0.255712 1.0
0.156907 0.149117 1.0
0.013311 0.576391 1.0
0.989893 0.411445 1.0
0.940991 0.743834 1.0
0.051353 0.603598 1.0
0.719498 0.864151 1.0
0.839371 0.950200 1.0
0.876774 0.620589 1.0
0.980454 0.283818 1.0
0.418998 0.400799 1.0
0.639869 0.591975 1.0
0.838360 0.209987 1.0
0.462386 0.518990 1.0
0.552222 0.301983 1.0
0.424728 0.588146 1.0
0.855113 0.024277 1.0
0.509218 0.355439 1.0
0.655189 0.293649 1.0
0.546116 0.838721 1.0
0.545057 0.719097 1.0
0.173076 0.898827 1.0
0.104705 0.583451 1.0
0.938094 0.926229 1.0
0.095142 0.909914 1.0
0.938919 0.005851 1.0
0.421816 0.603130 1.0
0.052650 0.932272 1.0
0.511445 0.316867 1.0
0.671250 0.595785 1.0
0.430539 0.717966 1.0
0.166639 0.552228 1.0
0.726180 0.552311 1.0
0.460593 0.672547 1.0
0.752363 0.122428 1.0
0.791583 0.201951 1.0
0.861820 0.805357 1.0
0.925566 0.026424 1.0
0.941430 0.461160 1.0
0.964563 0.849775 1.0
0.724879 0.570588 1.0
0.244160 0.365505 1.0
0.877231 0.327321 1.0
0.434083 0.761534 1.0
0.677500 0.870444 1.0
0.888187 0.180951 1.0
0.407093 0.044305 1.0
