634
100
0.159512 0.325888 15
0.238909 0.498799 5
0.235855 0.081012 7
0.975944 0.831339 15
0.468783 0.347937 10
0.104406 0.070211 15
0.543741 0.547549 12
0.719864 0.726970 11
0.029756 0.648009 5
0.951780 0.274791 6
0.090944 0.014779 12
0.489103 0.006729 15
0.961066 0.885608 15
0.062328 0.668612 5
0.667261 0.521339 9
0.940262 0.771153 9
0.682671 0.705600 11
0.214061 0.660094 5
0.761149 0.298872 6
0.455000 0.240689 12
0.097043 0.706181 15
0.984397 0.798799 9
0.921514 0.319370 9
0.446301 0.505409 7
0.380494 0.160399 10
0.406490 0.712190 5
0.672320 0.052738 12
0.505418 0.794096 15
0.520879 0.795958 12
0.748963 0.540326 11
0.221817 0.143467 6
0.997145 0.009145 10
0.569139 0.661488 12
0.034941 0.029170 13
0.629582 0.475379 11
0.162492 0.592301 7
0.338654 0.675088 5
0.688031 0.023331 7
0.833298 0.222049 7
0.650228 0.455832 10
0.537658 0.433297 5
0.744853 0.991884 10
0.265202 0.474942 15
0.940736 0.798391 7
0.946694 0.592758 6
0.125752 0.845921 12
0.363825 0.924309 9
0.576586 0.376278 7
0.600145 0.521375 7
0.953283 0.993890 15
0.904889 0.049359 6
0.107414 0.964509 5
0.325550 0.571234 8
0.350167 0.900691 14
0.324093 0.668894 9
0.290637 0.411985 11
0.916953 0.714841 14
0.787847 0.694490 7
0.595473 0.725417 7
0.087567 0.888617 13
0.377044 0.020650 11
0.775635 0.237525 11
0.446647 0.460170 7
0.786298 0.923898 7
0.260857 0.640506 15
0.254517 0.726244 10
0.399297 0.263093 14
0.540188 0.750418 8
0.186697 0.898632 15
0.664960 0.394617 9
0.200738 0.149759 15
0.218501 0.488338 13
0.179210 0.953661 7
0.196104 0.381609 5
0.653295 0.281495 7
0.553333 0.549000 10
0.867321 0.335491 12
0.894505 0.091331 15
0.859365 0.099573 9
0.322266 0.135569 8
0.510186 0.498791 7
0.001387 0.803453 13
0.485985 0.445086 14
0.162982 0.132013 13
0.078905 0.589247 15
0.187691 0.138487 10
0.883110 0.589148 15
0.895703 0.511997 14
0.349380 0.040607 11
0.057933 0.183056 13
0.879569 0.760627 5
0.043866 0.968657 8
0.079504 0.511889 9
0.559465 0.199842 14
0.815952 0.006150 10
0.135457 0.312169 10
0.275757 0.162849 12
0.129551 0.505863 12
0.760024 0.229951 7
0.427295 0.787699 11
