150
30
0.787348 0.459221 7
0.728036 0.784078 13
0.467136 0.618842 12
0.651534 0.077421 6
0.763178 0.717119 8
0.499489 0.525308 12
0.520415 0.903048 13
0.367629 0.721211 13
0.517942 0.434382 10
0.103155 0.606910 6
0.027008 0.554224 12
0.549399 0.792320 14
0.994734 0.096116 14
0.282770 0.051944 13
0.717606 0.915863 14
0.936236 0.996576 9
0.689231 0.694981 8
0.924551 0.360237 7
0.495990 0.255129 12
0.648345 0.894595 7
0.073372 0.882117 12
0.422225 0.566900 14
0.097848 0.892096 11
0.680140 0.402098 5
0.769393 0.095621 15
0.394280 0.759707 10
0.877892 0.280352 11
0.746489 0.025779 6
0.751549 0.561383 14
0.883100 0.501577 9
