30
30
0.705767 0.484585 1.0
0.309336 0.443629 1.0
0.440727 0.814577 1.0
0.276835 0.749937 1.0
0.288388 0.991888 1.0
0.535542 0.625888 1.0
0.551191 0.563322 1.0
0.684746 0.558734 1.0
0.476665 0.461246 1.0
0.980820 0.920146 1.0
0.117376 0.400973 1.0
0.122552 0.495755 1.0
0.464281 0.430993 1.0
0.331928 0.956048 1.0
0.233915 0.183178 1.0
0.778903 0.759045 1.0
0.740296 0.792915 1.0
0.774792 0.589597 1.0
0.502387 0.259537 1.0
0.013358 0.083969 1.0
0.974487 0.138446 1.0
0.246509 0.515840 1.0
0.975698 0.441800 1.0
0.105146 0.474061 1.0
0.587607 0.539242 1.0
0.724033 0.280674 1.0
0.891647 0.909150 1.0
0.273605 0.935220 1.0
0.000005 0.912773 1.0
0.110191 0.576985 1.0
